[ 0.33741988  0.00212496]
[ 0.62042408  0.03710425]
[ 0.46082125  0.03046016]
[ 0.62004001  0.06531461]
[ 0.82403471  0.10313626]
[ 0.44692286  0.07452545]
[ 0.37870194  0.07892596]
[ 0.88702729  0.2065843 ]
[ 0.45526082  0.12720419]
[ 0.8878493   0.25706463]
[ 0.84756434  0.26969468]
[ 0.76834124  0.28649401]
[ 0.69202733  0.27267838]
[ 0.77644893  0.33972151]
[ 0.53124569  0.2436998 ]
[ 0.38880457  0.19923905]
[ 0.27610517  0.14962663]
[ 0.33634089  0.20550872]
[ 0.46448468  0.2890074 ]
[ 0.66237906  0.44843229]
[ 0.55870642  0.39971984]
[ 0.42781472  0.34172326]
[ 0.59444505  0.48722807]
[ 0.62169148  0.53223093]
[ 0.70693629  0.64778916]
[ 0.58855573  0.56788133]
[ 0.39875439  0.42590085]
[ 0.43764001  0.49022754]
[ 0.50022868  0.59435286]
[ 0.42547023  0.55604977]
[ 0.33580104  0.46017001]
[ 0.27299367  0.38638771]
[ 0.52364524  0.79790171]
[ 0.22371901  0.37482714]
[ 0.27508305  0.47405123]
[ 0.38968246  0.75776159]
[ 0.40409146  0.82817273]
[ 0.2171756   0.49909913]
[ 0.19888702  0.49252394]
[ 0.15899102  0.43609533]
[ 0.26047337  0.75297262]
[ 0.09400129  0.30377945]
[ 0.16570397  0.57719396]
[ 0.11038874  0.42923308]
[ 0.16399704  0.8214308 ]
[ 0.11229836  0.67460018]
[ 0.05952082  0.42286334]
[ 0.08284411  0.73688362]
[ 0.0337516   0.42270186]
[ 0.04713413  0.98123364]
[ 0.02344246  0.84655154]
[-0.01703362  0.85770022]
[-0.02365198  0.66416213]
[-0.03756242  0.62243814]
[-0.07228364  0.65520017]
[-0.05206927  0.38038151]
[-0.09608276  0.61219199]
[-0.09486513  0.48793724]
[-0.20161766  0.93022736]
[-0.19782137  0.72481889]
[-0.11095715  0.3898737 ]
[-0.12232795  0.36586866]
[-0.21790534  0.5946077 ]
[-0.12230879  0.31887121]
[-0.39922289  0.89194059]
[-0.3383348  0.7081356]
[-0.3075382   0.61839975]
[-0.3851335   0.68696558]
[-0.267058    0.44965933]
[-0.3177996   0.52288865]
[-0.31933973  0.48795842]
[-0.4226994   0.59574963]
[-0.4123107   0.54332555]
[-0.39622668  0.4822899 ]
[-0.5468727  0.6253472]
[-0.26810331  0.28830591]
[-0.28378618  0.28338746]
[-0.30418384  0.29315121]
[-0.22948579  0.21000964]
[-0.44720454  0.37410618]
[-0.25595249  0.20401069]
[-0.67821177  0.49276613]
[-0.70236861  0.4905589 ]
[-0.78095477  0.49963673]
[-0.57734366  0.3448273 ]
[-0.37088506  0.21508062]
[-0.38167785  0.19900357]
[-0.36438343  0.18194171]
[-0.62349894  0.28462511]
[-0.58463898  0.24705949]
[-0.5314879   0.20394852]
[-0.75185048  0.27298271]
[-0.39773144  0.1203335 ]
[-0.89373193  0.25495066]
[-0.82121926  0.20464085]
[-0.50104305  0.10352056]
[-0.94676712  0.16561588]
[-0.46459738  0.06584799]
[-0.40278979  0.04836441]
[-0.36256647  0.02889306]
[-0.87403989  0.05270233]
[-0.77382912  0.02356397]
[-0.51890829 -0.00308868]
[-0.81389311 -0.02818641]
[-0.37148148 -0.02754043]
[-0.52011083 -0.04252187]
[-0.88265554 -0.10197577]
[-0.9160147  -0.13307054]
[-0.81913148 -0.15333883]
[-0.71768395 -0.15158139]
[-0.87077163 -0.22853772]
[-0.8947795  -0.26089132]
[-0.86787093 -0.28229704]
[-0.77147225 -0.26090734]
[-0.87521316 -0.34535957]
[-0.71063566 -0.29104933]
[-0.64931777 -0.30445473]
[-0.35298525 -0.17498705]
[-0.74495365 -0.38988902]
[-0.35443657 -0.19975299]
[-0.83395993 -0.52708329]
[-0.40484336 -0.26892648]
[-0.54915201 -0.3914558 ]
[-0.59374407 -0.45966001]
[-0.65668804 -0.51872541]
[-0.66888462 -0.56012649]
[-0.41830024 -0.37389378]
[-0.54230428 -0.52000343]
[-0.59466288 -0.594103  ]
[-0.35201528 -0.37782563]
[-0.57849374 -0.67552627]
[-0.24727862 -0.3066072 ]
[-0.3073674 -0.4035363]
[-0.30597868 -0.42001101]
[-0.38364203 -0.56293067]
[-0.44704448 -0.70476671]
[-0.33905971 -0.59279292]
[-0.44489862 -0.83513999]
[-0.42965189 -0.83573802]
[-0.15743866 -0.33695473]
[-0.25006644 -0.60318505]
[-0.23802351 -0.61554969]
[-0.31500061 -0.900134  ]
[-0.23684441 -0.71634866]
[-0.13269286 -0.46500465]
[-0.07648799 -0.2944425 ]
[-0.15231783 -0.63124453]
[-0.17958839 -0.97493428]
[-0.10371533 -0.59531595]
[-0.1059457  -0.88122701]
[-0.03621823 -0.34960117]
[-0.03406454 -0.43534407]
[-0.01779042 -0.42993525]
[-0.00950709 -0.86854685]
[ 0.00527491 -0.31811132]
[ 0.05807785 -0.92211061]
[ 0.04888127 -0.69032622]
[ 0.0846539  -0.73846264]
[ 0.09435179 -0.62105766]
[ 0.13040122 -0.77374509]
[ 0.07446102 -0.35538665]
[ 0.15068798 -0.59207694]
[ 0.09165592 -0.32279784]
[ 0.23663449 -0.76688819]
[ 0.24987987 -0.71018614]
[ 0.34134844 -0.88988382]
[ 0.28902888 -0.71857383]
[ 0.249206   -0.55328316]
[ 0.21712331 -0.43983597]
[ 0.33547967 -0.66308812]
[ 0.40650296 -0.70099251]
[ 0.44799708 -0.76217421]
[ 0.43514048 -0.68504191]
[ 0.46004059 -0.6474778 ]
[ 0.29478461 -0.41048122]
[ 0.52311977 -0.66638474]
[ 0.48731112 -0.58443594]
[ 0.54092317 -0.60684226]
[ 0.59224024 -0.61530459]
[ 0.37902138 -0.3801093 ]
[ 0.28475046 -0.26409381]
[ 0.64284832 -0.57314392]
[ 0.27684148 -0.23362702]
[ 0.7600747  -0.60656688]
[ 0.75212957 -0.56091743]
[ 0.32149529 -0.2123159 ]
[ 0.72094919 -0.4593282 ]
[ 0.53209628 -0.31154291]
[ 0.6896972  -0.37544972]
[ 0.63838903 -0.33920194]
[ 0.44289672 -0.20362161]
[ 0.56661393 -0.25297117]
[ 0.44265299 -0.18267507]
[ 0.78835068 -0.27850689]
[ 0.71216253 -0.24870929]
[ 0.60703995 -0.17272211]
[ 0.3393327  -0.08539689]
[ 0.63860034 -0.14280178]
[ 0.52025225 -0.09842499]
[ 0.87957441 -0.16353171]
[ 0.84926181 -0.11150413]
[ 0.63688374 -0.06523187]
[ 0.31125735 -0.02359941]
[ 0.4761684  -0.02496759]
[  8.91424495e-01  -5.83080828e-04]
