[ 0.38264302 -0.00728119]
[ 1.1486666   0.28022648]
[ 0.80425581  0.6390602 ]
[ 0.52670177  0.61393207]
[ 0.54360145  0.93583235]
[ 0.25753564  0.85845142]
[-0.24520598  0.92534529]
[-0.49667947  1.08607269]
[-0.48394285  0.71069371]
[-0.82367241  0.69237435]
[-1.16648516  0.29094437]
[-0.56707461  0.06654201]
[-0.62335109 -0.0859996 ]
[-0.82237868 -0.43049327]
[-0.60335882 -0.38946283]
[-0.50036536 -0.71754891]
[-0.51226385 -1.11473001]
[-0.04052116 -0.83471701]
[ 0.08451785 -0.48447172]
[ 0.54076132 -0.98851044]
[ 0.77648366 -1.01777115]
[ 0.78488198 -0.65768225]
[ 1.03525032 -0.37080656]
