[ 0.77797409  0.16123738]
[ 0.91746264  0.3273266 ]
[ 0.26493288  0.20530162]
[ 0.4640074  0.6885839]
[ 0.16173021  0.57037681]
[-0.14454229  0.48409412]
[-0.15346856  0.40815218]
[-0.76890859  0.62714839]
[-0.69563974  0.33023416]
[-0.69694725  0.0708844 ]
[-0.29739944 -0.04427593]
[-0.80402666 -0.55011296]
[-0.53664728 -0.73049783]
[-0.32738963 -0.74544892]
[-0.10384056 -0.46672845]
[ 0.11928226 -0.72464305]
[ 0.17419751 -0.4248101 ]
[ 0.34758071 -0.37927793]
[ 0.6748072  -0.29823748]
[ 0.55309472 -0.07327171]
