[ 0.31581254  0.03243821]
[ 0.91805701  0.15997503]
[ 0.35431963  0.10385276]
[ 0.32246931  0.18588339]
[ 0.45469753  0.3209977 ]
[ 0.29246417  0.26354041]
[ 0.50648224  0.62381015]
[ 0.18856577  0.29473203]
[ 0.16977414  0.4182584 ]
[ 0.13433747  0.55143693]
[ 0.02590754  0.35182295]
[-0.03204657  0.54816766]
[-0.0424237   0.38961023]
[-0.22647473  0.70110879]
[-0.18180888  0.35420771]
[-0.35342712  0.5156798 ]
[-0.31427941  0.32476517]
[-0.68928228  0.63044858]
[-0.40133888  0.23399008]
[-0.48481066  0.19820534]
[-0.60924661  0.14130324]
[-0.93967245  0.10343791]
[-0.51620211 -0.00619481]
[-0.57664942 -0.05485496]
[-0.69332324 -0.20514942]
[-0.69872373 -0.33448945]
[-0.42507757 -0.23613257]
[-0.3615931  -0.34446018]
[-0.54799845 -0.6012147 ]
[-0.26912853 -0.37742913]
[-0.35341302 -0.65054154]
[-0.22954058 -0.7043455 ]
[-0.08211391 -0.54492564]
[-0.02975645 -0.80061092]
[ 0.06910785 -0.61043597]
[ 0.08809136 -0.42120914]
[ 0.1937608  -0.56230089]
[ 0.31728922 -0.62221526]
[ 0.53526361 -0.79035574]
[ 0.6351267  -0.65327148]
[ 0.47749055 -0.38857861]
[ 0.50810736 -0.23409819]
[ 0.52711156 -0.2306235 ]
[ 0.38728978 -0.06982436]
[ 0.83567984 -0.05387652]
