[ 0.59669422  0.11950902]
[ 0.63596137  0.15998974]
[ 0.75217372  0.43371132]
[ 0.35999014  0.28606315]
[ 0.32748143  0.49191512]
[ 0.21685403  0.53099264]
[ 0.1197262   0.67395692]
[-0.0254453   0.43792991]
[-0.05680919  0.33774085]
[-0.21598429  0.590019  ]
[-0.38649619  0.49889185]
[-0.2974461   0.31553995]
[-0.50685665  0.34815458]
[-0.68277408  0.15824787]
[-0.55244397  0.07370027]
[-0.69658851 -0.06862811]
[-0.84313553 -0.37237601]
[-0.75222009 -0.40840373]
[-0.2218144  -0.22947335]
[-0.5252376  -0.64223813]
[-0.20610427 -0.61205474]
[-0.17586313 -0.72247713]
[-0.05144029 -0.70491516]
[ 0.08409459 -0.4626425 ]
[ 0.17777574 -0.31243002]
[ 0.48531632 -0.6020948 ]
[ 0.37127471 -0.29039135]
[ 0.40951504 -0.2569259 ]
[ 0.76207309 -0.16449101]
[ 0.89886701 -0.08277036]
