[ 0.75651523  0.14859286]
[ 0.56594348  0.32628982]
[ 0.41772724  0.47361022]
[ 0.38064449  0.65152819]
[ 0.14891964  0.58589603]
[-0.03270113  0.96590958]
[-0.42995325  0.78096652]
[-0.36066058  0.29877873]
[-0.79447582  0.39068585]
[-0.54375581  0.17655994]
[-0.71775401 -0.04920197]
[-0.51336842 -0.20337902]
[-0.22759839 -0.27824831]
[-0.13161534 -0.32452456]
[-0.06476437 -0.51485856]
[ 0.14022784 -0.86907668]
[ 0.23533807 -0.46095319]
[ 0.35307677 -0.34346774]
[ 0.39084927 -0.19244241]
[ 0.71966944 -0.03026234]
