[ 0.42342298  0.05506749]
[ 0.70022106  0.34095756]
[ 0.24086884  0.20589075]
[ 0.2388404   0.66879654]
[ 0.10213489  0.32097315]
[-0.15615863  0.54835651]
[-0.42910745  0.63579338]
[-0.61657734  0.63938612]
[-0.81421827  0.36988877]
[-0.63744297  0.16542535]
[-0.36360456 -0.06435185]
[-0.53737519 -0.19915602]
[-0.36479449 -0.34485398]
[-0.16824237 -0.45559802]
[-0.05334698 -0.51633271]
[ 0.29095496 -0.94650747]
[ 0.16308841 -0.48461476]
[ 0.51649041 -0.54183826]
[ 0.29452635 -0.21043054]
[ 0.92504336 -0.25964266]
