[ 0.4446506   0.00296686]
[ 0.67973203  0.25405105]
[ 0.58070682  0.2869244 ]
[ 0.27215146  0.27317344]
[ 0.40110392  0.58878221]
[ 0.17553044  0.33980945]
[ 0.13674851  0.42375436]
[ 0.07127711  0.77502807]
[-0.14469202  0.44553659]
[-0.11949351  0.3015419 ]
[-0.22964675  0.36824581]
[-0.62153644  0.47948536]
[-0.58744918  0.39494579]
[-0.33579581  0.11133454]
[-0.57831162  0.04005339]
[-0.36667363 -0.03689044]
[-0.32969618 -0.08964891]
[-0.53035387 -0.23837532]
[-0.30036787 -0.28112122]
[-0.41471556 -0.51053042]
[-0.15607714 -0.30224384]
[-0.18620929 -0.68674213]
[-0.0275344  -0.45808864]
[ 0.10582154 -0.62186533]
[ 0.23089773 -0.48757961]
[ 0.5186003  -0.83922117]
[ 0.27584311 -0.22282415]
[ 0.66258913 -0.46389891]
[ 0.41131007 -0.11633858]
[ 0.70588419 -0.0237344 ]
