[ 0.77197611  0.06470041]
[ 0.57442897  0.39328622]
[ 0.34618554  0.39909378]
[ 0.39331262  0.5936189 ]
[ 0.06514266  0.38172038]
[-0.13470105  0.451344  ]
[-0.32526436  0.65846883]
[-0.31828155  0.37955511]
[-0.82599231  0.53024603]
[-0.60565288  0.15704803]
[-0.66968269 -0.18019663]
[-0.29613896 -0.15885646]
[-0.31203042 -0.35995562]
[-0.32283645 -0.64551074]
[-0.15735252 -0.80696028]
[ 0.26737831 -0.85201351]
[ 0.47480325 -0.71394664]
[ 0.59775632 -0.79754536]
[ 0.34855656 -0.2181019 ]
[ 0.4905983  -0.11170923]
