[ 0.33273107  0.07728268]
[ 0.77102396  0.43824187]
[ 0.66103222  0.48242204]
[ 0.17528923  0.32798854]
[ 0.09078037  0.57039139]
[-0.03892658  0.45705612]
[-0.18130226  0.33627515]
[-0.37515832  0.28386669]
[-0.36202803  0.14898494]
[-0.90132562  0.22758217]
[-0.34599308 -0.05975571]
[-0.37545611 -0.17385149]
[-0.37353915 -0.37731227]
[-0.11656813 -0.35266001]
[-0.06578469 -0.5429279 ]
[ 0.00306365 -0.77434508]
[ 0.26813187 -0.41545637]
[ 0.31440132 -0.35333647]
[ 0.77198166 -0.40569973]
[ 0.48699996 -0.0634582 ]
