[ 0.57538962  0.07555103]
[ 0.66987459  0.43507886]
[ 0.4375105   0.40465608]
[ 0.35268082  0.58378756]
[ 0.02403498  0.60698524]
[-0.07452501  0.44122825]
[-0.11612751  0.32781891]
[-0.64541685  0.57563716]
[-0.70394868  0.25486245]
[-0.55480311  0.17555387]
[-0.42556587 -0.07920866]
[-0.53598136 -0.33521429]
[-0.62324978 -0.7442165 ]
[-0.15216477 -0.42011579]
[-0.00454381 -0.60400522]
[ 0.01878989 -0.9673294 ]
[ 0.29067699 -0.6889867 ]
[ 0.26222957 -0.25417436]
[ 0.81655683 -0.55242163]
[ 0.66196347 -0.07567473]
