[ 0.73093332  0.07538238]
[ 0.42184901  0.07237944]
[ 0.53249449  0.20252401]
[ 0.31450548  0.18030681]
[ 0.73352954  0.54478004]
[ 0.24376296  0.23685036]
[ 0.35441055  0.3973043 ]
[ 0.42092614  0.69388789]
[ 0.15873242  0.41615151]
[ 0.13473248  0.46423511]
[ 0.03000217  0.38592659]
[ 0.02325118  0.92426016]
[-0.09831281  0.53987556]
[-0.19803408  0.76409021]
[-0.34446519  0.71896846]
[-0.29496354  0.44295051]
[-0.20084195  0.24518027]
[-0.57082472  0.4613673 ]
[-0.29075046  0.20213003]
[-0.2937835  0.1377723]
[-0.36624018  0.10001859]
[-0.66638412  0.08490223]
[-0.45855835 -0.01190507]
[-0.43715255 -0.05027169]
[-0.7999852  -0.22366224]
[-0.79667379 -0.38394544]
[-0.66360329 -0.39293661]
[-0.38746599 -0.37154616]
[-0.2978172  -0.34961409]
[-0.20195572 -0.32826256]
[-0.34372295 -0.74850078]
[-0.19039721 -0.56877162]
[-0.15689532 -0.80434797]
[-0.03303888 -0.43255822]
[ 0.05948948 -0.53502999]
[ 0.13172273 -0.63850488]
[ 0.23172154 -0.65576669]
[ 0.30563535 -0.51224251]
[ 0.47194769 -0.61715177]
[ 0.42359081 -0.39892007]
[ 0.69108951 -0.51680589]
[ 0.29871957 -0.16335412]
[ 0.55127925 -0.15954547]
[ 0.78842046 -0.14955487]
[ 0.36573917 -0.00893227]
