[ 1.16946195  0.00342562]
[ 0.62201138  0.18765384]
[ 0.66249441  0.40284102]
[ 0.67006852  0.62345633]
[ 0.5650509   0.61357489]
[ 0.38013569  0.95530979]
[ 0.22059132  1.09243203]
[ 0.07596233  0.77334401]
[-0.19303439  1.04761746]
[-0.52160168  1.06600311]
[-0.36574059  0.60480252]
[-0.4910305   0.45445803]
[-0.860356    0.46825963]
[-0.71029907  0.30530937]
[-0.98263621  0.19763913]
[-0.93612439 -0.09728833]
[-1.21168291 -0.26002692]
[-0.69468033 -0.32769043]
[-0.76737476 -0.7106009 ]
[-0.68763301 -0.92773339]
[-0.28422524 -0.60726997]
[-0.20594194 -1.11939541]
[-0.02796285 -0.76336226]
[ 0.30249605 -1.02842915]
[ 0.33639105 -0.72949235]
[ 0.78582392 -0.83394117]
[ 0.94459304 -0.70707551]
[ 1.04789579 -0.37627973]
[ 1.15734753 -0.30754122]
