[ 0.93433366 -0.01044347]
[ 0.6757098   0.21269004]
[ 0.67421876  0.2926563 ]
[ 0.95136928  0.65270185]
[ 0.48127201  0.5612681 ]
[ 0.57218835  0.88124293]
[ 0.24582398  0.95176497]
[ 0.03328827  0.78662353]
[-0.13419713  1.04287323]
[-0.32507126  1.13477536]
[-0.36030508  0.65125655]
[-0.83909029  0.7327934 ]
[-0.5673821   0.32809691]
[-1.11448518  0.37176041]
[-0.91296699  0.08139977]
[-1.1087057   0.02064011]
[-1.10960075 -0.45168734]
[-1.03164221 -0.51850691]
[-0.60450754 -0.64692977]
[-0.47142337 -0.59699042]
[-0.32640723 -0.8994035 ]
[-0.03258289 -0.74740926]
[-0.02188535 -1.04901543]
[ 0.25829556 -0.9127079 ]
[ 0.69371189 -0.96156186]
[ 0.63775219 -0.74313022]
[ 1.0093665  -0.74966958]
[ 0.78573251 -0.33166455]
[ 1.0071903  -0.08342324]
