[ 0.89369458  0.23546478]
[ 0.70029638  0.34739251]
[ 0.65988896  0.58011006]
[ 0.19593132  0.52999359]
[ 0.00990348  0.49129372]
[-0.21157296  0.84879704]
[-0.30598243  0.52520739]
[-0.47384997  0.39736646]
[-0.70540242  0.29722289]
[-0.84446171  0.24933746]
[-0.93410061 -0.01635056]
[-0.48516492 -0.18344616]
[-0.32751386 -0.38927636]
[-0.19774    -0.58429668]
[-0.08918046 -0.72888939]
[ 0.1037664  -0.70749447]
[ 0.19783367 -0.36174423]
[ 0.33139609 -0.3716457 ]
[ 0.83692644 -0.45803134]
[ 0.89646203 -0.27762622]
