[ 0.68596463  0.0882177 ]
[ 0.59059501  0.14089551]
[ 0.86699593  0.25339999]
[ 0.85545243  0.47726396]
[ 0.25050954  0.19155835]
[ 0.60384967  0.57762546]
[ 0.63364553  0.71044236]
[ 0.25587258  0.3991501 ]
[ 0.32417153  0.93984652]
[ 0.18986978  0.67986449]
[ 0.05583818  0.71826318]
[-0.01433159  0.82058076]
[-0.08332654  0.51169957]
[-0.28829532  0.84834241]
[-0.33461881  0.73836305]
[-0.29430414  0.49259091]
[-0.38163048  0.46656289]
[-0.67971508  0.50135424]
[-0.36542907  0.21155398]
[-0.36924695  0.1604861 ]
[-0.89847907  0.31636353]
[-0.49965916  0.10426651]
[-0.32407368 -0.02058118]
[-0.65124595 -0.0613055 ]
[-0.5905149  -0.16828873]
[-0.70655858 -0.30113909]
[-0.40069612 -0.21411069]
[-0.63779158 -0.60896444]
[-0.28477956 -0.36448947]
[-0.16557554 -0.28470438]
[-0.31666512 -0.58941384]
[-0.15534243 -0.42991532]
[-0.14464995 -0.73851845]
[ 0.01951533 -0.61245342]
[ 0.04404062 -0.36827877]
[ 0.09503105 -0.44040954]
[ 0.09889904 -0.3025802 ]
[ 0.52165811 -0.79884752]
[ 0.31723488 -0.40239901]
[ 0.66353094 -0.55988083]
[ 0.61818801 -0.51074772]
[ 0.45019349 -0.23528122]
[ 0.4986787  -0.19980459]
[ 0.52216284 -0.09307144]
[ 0.97144616 -0.12056803]
