[ 0.44171188  0.01727599]
[ 0.67701159  0.10498376]
[ 0.76454686  0.12284204]
[ 0.67773869  0.16634394]
[ 0.49626662  0.17834038]
[ 0.63671684  0.28597135]
[ 0.46724806  0.24812108]
[ 0.67275652  0.43845284]
[ 0.31793944  0.2388197 ]
[ 0.27502101  0.27318523]
[ 0.49060924  0.5167951 ]
[ 0.55440288  0.77433628]
[ 0.22834579  0.38282006]
[ 0.28505303  0.54260776]
[ 0.19795583  0.45650062]
[ 0.31074841  0.83025339]
[ 0.10699965  0.40033231]
[ 0.18746344  0.9177276 ]
[ 0.05689569  0.756208  ]
[ 0.02314989  0.83485526]
[-0.0527272   0.68677171]
[-0.07293295  0.49977093]
[-0.07186421  0.3079463 ]
[-0.19935464  0.65924545]
[-0.13433084  0.30954274]
[-0.17564781  0.35942474]
[-0.38031888  0.65494754]
[-0.44329808  0.58044746]
[-0.50803318  0.59196462]
[-0.57451557  0.58088621]
[-0.7616049   0.61151269]
[-0.79605994  0.58362821]
[-0.82777578  0.48989905]
[-0.615129    0.34661809]
[-0.30632166  0.1306498 ]
[-0.48422226  0.1539569 ]
[-0.49435719  0.11809838]
[-0.50853556  0.0750642 ]
[-0.75302548  0.05777357]
[-0.8564029   0.02885257]
[-0.88672567 -0.10159766]
[-0.37082958 -0.07469234]
[-0.79823073 -0.18259323]
[-0.71087927 -0.22840206]
[-0.84819474 -0.39511239]
[-0.29195074 -0.16090024]
[-0.66201443 -0.43799007]
[-0.39879438 -0.29120429]
[-0.27526442 -0.25244914]
[-0.53694558 -0.54280594]
[-0.2323981  -0.30168613]
[-0.38242276 -0.52536143]
[-0.31560847 -0.49871535]
[-0.16266163 -0.31154891]
[-0.30752535 -0.75662452]
[-0.17996472 -0.64807471]
[-0.11714663 -0.58772426]
[-0.13619065 -0.9135928 ]
[-0.09561014 -0.99279511]
[-0.00617467 -0.86803137]
[ 0.10237417 -0.97277776]
[ 0.13899195 -0.90501653]
[ 0.1978989  -0.85234981]
[ 0.26666989 -0.79446042]
[ 0.18923116 -0.40541811]
[ 0.28561213 -0.48702735]
[ 0.29996511 -0.47259344]
[ 0.23258766 -0.32429679]
[ 0.62290258 -0.70852793]
[ 0.31727128 -0.31366059]
[ 0.37370316 -0.30088237]
[ 0.7208216  -0.51635074]
[ 0.54168974 -0.29015025]
[ 0.48388321 -0.21405031]
[ 0.7431641  -0.30631698]
[ 0.46810643 -0.1427833 ]
[ 0.6419187  -0.12511427]
[ 0.69468534 -0.08361447]
[ 0.91201812 -0.02615446]
