[ 0.9552183  0.1382177]
[ 0.86578339  0.32424919]
[ 0.73772781  0.38999728]
[ 0.80640988  0.62575022]
[ 0.61918121  0.75882242]
[ 0.43449849  0.67892366]
[ 0.21803676  0.86168686]
[ 0.05240858  0.98681057]
[-0.17159629  0.89602982]
[-0.26279364  0.81050673]
[-0.54325221  0.94770774]
[-0.60705067  0.67155586]
[-0.65856015  0.50999218]
[-0.73994002  0.23259379]
[-1.15750366  0.22829682]
[-1.25070899 -0.00192035]
[-0.89580838 -0.33052636]
[-0.78584778 -0.52038471]
[-0.65536616 -0.62404968]
[-0.83811001 -1.00339752]
[-0.27689474 -0.97058782]
[-0.17583923 -0.83972338]
[ 0.16789306 -1.01836965]
[ 0.24096807 -0.89174691]
[ 0.51390019 -0.95977531]
[ 0.66195245 -0.88298232]
[ 0.74612492 -0.55726062]
[ 0.7285255  -0.25478295]
[ 1.27064334 -0.20563328]
